trial_0: [3834.431178166, 3839.469456333]
trial_1: [3847.065147625, 3852.09959425]
trial_2: [3859.659756916, 3864.6950805]
trial_3: [3872.254424458, 3877.282561083]
trial_4: [3884.825750416, 3889.879639583]
trial_5: [3897.425324125, 3902.459319208]
trial_6: [3910.0175785, 3915.053409541]
trial_7: [3922.599211583, 3927.6306209159998]
prompts: ['Left Fist', 'Swim', 'Typing', 'Typing', 'Right Fist', 'Typing', 'Right Fist', 'Left Fist']
